 22.32180057   2.90082724 
 64.80634539  18.95883823 
 93.21135575  42.24329182 
 12.40970513  52.29893484 
 87.25167752  88.37664896 
  8.44008203   4.69958790 
 40.74047125  10.35295529 
 16.16223330  35.47216688 
 11.38091234   8.88770776 
 29.62158045  70.64213449 
 37.60744449  31.51638042 
 37.50631040  70.20487896 
 53.29002761  79.83169527 
  1.40401503  78.30602209 
 20.70239844  63.30671657 
 82.05766472  42.87226277 
 46.83474622   3.90172786 
 91.94603711  36.67716281 
 69.65923857  84.75463224 
 90.69485441  88.94908791 
 61.97996304   3.95370725 
 48.43016349  53.17095960 
  0.51752850  30.16970117 
 43.33362837  66.21826999 
  4.08079710   5.96513819 
  6.74050090  37.98919930 
 40.19451849  11.04243286 
 15.26604324  94.15257462 
 13.62458947  24.42274892 
  0.56728838  14.37116961 
  3.50951385  13.07814129 
 64.62590173  10.56596199 
  3.24096668  77.01639848 
 40.35640825  65.56155226 
  5.41041996  45.90541481 
 58.23899601   6.29516747 
  6.78432937  71.51687205 
 35.28519234  77.45056737 
 13.89451727  90.80912727 
 78.69701131  39.56743855 
 77.24350661  22.96347751 
 59.09403268   6.46616192 
 58.59914713  94.05786203 
  1.14794409  82.24188858 
 87.55338029  94.19865546 
 42.82103785  83.49316501 
 83.67843186  49.45342913 
 22.27829303   6.57579760 
 29.44527299  88.68751058 
 93.32937114  14.94543382 
 27.82896143  62.13534134 
 23.72302791  40.53704287 
 23.72187160  11.30019676 
  3.84008832  37.46209087 
 36.46810137  42.87111384 
 84.63091212  56.98087798 
 18.06228348   6.58933100 
 88.61775644  48.45661476 
  1.26690388  88.30706937 
 70.47140691   5.63894916 
  3.16590071  32.07979452 
 76.84645000  14.05128917 
 58.27610947  63.43131689 
 51.49562915  88.91906738 
 47.23495848  82.07908127 
 18.33218373   8.79193668 
 15.83841150   4.86957926 
 75.11826425  91.41095341 
 62.61826936  75.44877353 
 33.44818240  36.96229226 
 45.75799672  20.28894161 
 39.72090036  90.98141834 
 42.15791577  54.88420466 
 95.67167023  80.29581803 
 97.18095954  68.83345359 
 52.87595889  22.85854441 
 79.32243629  41.38783374 
 72.01069780  66.05263856 
 10.77815498  89.20377830 
  0.60638976  81.43262924 
 55.75168822  91.38665027 
 42.21793607  30.36510782 
 56.24889878  64.23778696 
 62.93976462  57.39329347 
 62.50117705  39.39614872 
  9.20184652  47.14925034 
 57.47327090  20.19050336 
 70.85055946  40.89637782 
 67.27285761  48.08343078 
 99.28968018  41.53980797 
  3.75694601   4.93297361 
 13.51934625   2.40143696 
 72.00009869  95.17312924 
 24.02447575  34.92685706 
 69.39652101  42.09673728 
 10.50416867  11.34138370 
 46.32321474  97.09922859 
 53.61729933  30.53551592 
 51.66815894  78.30380276 
 21.69367812  30.13305313 
