241.59141410 598.09155063 
283.65114244  21.94060366 
765.04795231 736.44239985 
622.46151823 496.13144119 
711.57122918 302.90101547 
502.81962476 813.48456329 
659.67723741 729.98288955 
682.52498259 884.18974875 
966.69378368  80.77537779 
748.16375571 611.74431276 
511.82611104 888.29736853 
923.09534346  67.63141472 
909.26320128 575.03682848 
811.52672566 962.62046237 
945.57774132 611.26277987 
744.96243530 654.21062864 
 11.94588555 683.55202417 
  9.80478592 560.92067302 
282.38359486 948.88644785 
319.10401545 175.60510095 
710.49690222 932.73137998 
 29.74763996  69.29022927 
 30.01181263 341.49643104 
564.39172840 610.83895412 
387.08361311 492.26788174 
950.03939621 942.06262410 
943.01868469 413.15295675 
118.82089557 855.60455493 
594.01093019 742.35123209 
874.34535517 513.44075578 
239.06510402 319.26481075 
 54.27219894 382.21050740 
154.19256898 702.69331640 
756.36379745 895.20894618 
802.02778197 747.79375847 
249.92298458 597.83411955 
304.27633367 575.46816770 
223.54291356 906.03092948 
826.00522590 400.42626001 
 60.03286742 325.19529550 
511.52407232  81.87930950 
239.75913121 552.04356688 
 18.50160709 859.02726826 
593.29238575 976.89620055 
657.20755530 418.95162533 
777.16574672 187.33699231 
343.96682260 606.87786062 
317.04654260  60.79842436 
931.93214291 762.65146897 
244.61279512 356.48078478 
236.42062360 177.68760245 
883.93164339 912.71040365 
139.05609366 433.99426742 
698.28385294 938.56083616 
375.97079434 665.28602535 
574.75443638 457.52523476 
881.05068618 938.86095516 
143.08617604  87.41817242 
373.61663370 416.00843775 
404.65651931 845.57551568 
786.83274808 937.80475350 
591.48710688 253.12037707 
 26.21066609 978.66984400 
335.14900614 387.78481007 
503.68555803 850.27035779 
 41.92936169  24.79477868 
158.96257026 826.95646090 
882.81855524 941.51066428 
640.11925883 915.74402237 
653.63547263 858.04830436 
291.33338093 169.54031694 
231.64632459 837.39599831 
158.04658516 672.86805291 
784.67442658 859.58024490 
353.02909993  56.62273391 
715.51509385 727.38907657 
644.59270325 238.47100912 
883.87166858 503.18850562 
798.59118060 621.11775866 
299.85101382 912.23600630 
324.05172343  90.99042747 
 60.81776985 533.05113372 
407.74137107 882.52694608 
177.55513162  36.74890301 
313.22617294 866.16409272 
105.13765730 369.39505128 
581.70637300 923.63993779 
353.15452182 786.17192373 
686.19285383 390.54550401 
891.91210245 865.23288427 
 94.62638441 821.16510748 
329.08776888 398.29021991 
222.86034823 946.41968525 
483.28895084 363.95888674 
 79.21884040 568.38852634 
914.25800423 860.28398108 
944.83820236 591.41642123 
542.92710528 497.18421836 
118.56071019 750.90491192 
433.50058315 303.25887634 
